|C100|0|1|24296|55|00|1|84764|22200510483444003447550010000847641506635570|16052020|16052020|8098,50|0|||8098,50|1|||2,60|||||324,05|||0|0|
|C170|001|00000000002205|BEBIDA FRUTA DOCADA UVA TAMPICO 330ML|720,00000|UN|756,00||0|060|1403||0,00|0,00|0,00|0,00||0,00|0|03|||||50||||||50||||||||
|C170|002|00000000002173|BEB FRUTA ADOCADA FRUT CIT TAMPICO 330ML|3600,00000|UN|3780,00||0|060|1403||0,00|0,00|0,00|0,00||0,00|0|03|||||50||||||50||||||||
|C170|003|00000000002198|BEBIDA DE FRUTA AD. UVA TAMPICO 2 LITROS|150,00000|UN|712,50||0|060|1403||0,00|0,00|0,00|0,00||0,00|0|03|||||50||||||50||||||||
|C170|004|00000000002174|BEB MISTA FRUTAS CITRICAS TAMPICO  2 LITROS|600,00000|UN|2850,00||0|060|1403||0,00|0,00|0,00|0,00||0,00|0|03|||||73||||||73||||||||
|C190|060|1403|0,00|8098,50|0,00|0,00|0,00|0,00|0,00|0,00||
|C100|1|0||55|02|1|982708|22200501738564000199550010009827081479770664|||||||||||||||||||||
|C100|1|0|523|55|00|1|982709|22200501738564000199550010009827091502919220|02052020|02052020|1041,53|0|||1041,53|0||||939,95|159,80||||1,55|7,09|0|0|
|C190|000|5102|17,00|939,95|939,95|159,80|0,00|0,00|0,00|0,00||
|C190|060|5405|0,00|101,58|0,00|0,00|0,00|0,00|0,00|0,00||
|C100|1|0||55|02|1|983846|22200501738564000199550010009838461170616609|||||||||||||||||||||
|C100|1|0|22973|55|00|1|983847|22200501738564000199550010009838471155876635|05052020|05052020|209,38|0|||209,38|0||||209,38|35,59||||0,54|2,41|0|0|
|C190|000|5102|17,00|209,38|209,38|35,59|0,00|0,00|0,00|0,00||
